м 2000 2002 10 8 гуп гуп 1 0 0 0 0 0 0 0 0 0
м 2000 2001 10 7 гуп гуп 1 0 0 0 0 0 0 0 0 0
м 2000 2002 10 6 гуп гуп 1 0 0 0 0 0 0 0 0 0
м 2000 2005 10 5 гуп гуп 1 0 0 0 0 0 0 0 0 0
м 2000 2003 10 4 гуп гуп 1 0 0 0 0 0 0 0 0 0
м 2000 2006 10 3 гуп гуп 1 0 0 0 0 0 0 0 0 0
м 2000 2004 10 2 гуп гуп 1 0 0 0 0 0 0 0 0 0
м 2000 2006 10 1 гуп гуп 1 0 0 0 0 0 0 0 0 0
м 2000 2008 1 5 дан дан 1 0 0 0 0 0 0 0 0 0
м 2000 2016 10 1 гуп дан 0 1 0 0 0 0 0 0 0 0
м 2000 2016 10 1 гуп дан 0 0 1 0 0 0 0 0 0 0
м 2000 2016 10 1 гуп гуп 0 0 0 1 0 0 0 0 0 10-100
м 2000 2016 10 1 гуп гуп 0 0 0 0 1 0 0 0 0 10-100
м 2000 2016 10 1 гуп гуп 0 0 0 0 0 1 0 0 0 0
м 2000 2016 10 1 гуп гуп 0 0 0 0 0 0 1 0 0 0
м 2000 2016 10 1 гуп гуп 0 0 0 0 0 0 0 1 0 0
м 2000 2016 10 1 гуп гуп 0 0 0 0 0 0 0 0 1 0